Oscilloscope data. 
Time step = 1,000 uS
Voltage step = 31,25 mV
Zero level = 180

N 	Smpl.	Trig

0	200	0
1	194	0
2	187	0
3	179	0
4	172	0
5	165	0
6	160	0
7	155	0
8	151	0
9	149	0
10	148	0
11	148	0
12	151	0
13	153	0
14	159	0
15	163	0
16	169	0
17	175	0
18	183	0
19	188	0
20	195	0
21	200	0
22	205	0
23	208	0
24	211	0
25	211	0
26	211	0
27	208	0
28	205	0
29	201	0
30	196	0
31	191	0
32	186	0
33	179	0
34	173	0
35	167	0
36	163	0
37	159	0
38	156	0
39	155	0
40	155	0
41	155	0
42	157	0
43	159	0
44	163	0
45	168	0
46	173	0
47	179	0
48	184	0
49	190	0
50	195	0
51	199	0
52	202	0
53	204	0
54	205	0
55	205	0
56	204	0
57	203	0
58	199	0
59	195	0
60	191	0
61	185	0
62	180	0
63	176	0
64	171	0
65	167	0
66	163	0
67	160	0
68	159	0
69	159	0
70	159	0
71	160	0
72	163	0
73	167	0
74	171	0
75	175	0
76	180	0
77	185	0
78	189	0
79	194	0
80	197	0
81	200	0
82	203	0
83	203	0
84	203	0
85	201	0
86	199	0
87	196	0
88	191	0
89	188	0
90	184	0
91	178	0
92	173	0
93	169	0
94	164	0
95	163	0
96	160	0
97	159	0
98	159	0
99	159	0
100	161	0
101	164	0
102	168	0
103	172	0
104	177	0
105	183	0
106	188	0
107	192	0
108	197	0
109	200	0
110	203	0
111	205	0
112	207	0
113	205	0
114	204	0
115	201	0
116	197	0
117	192	0
118	188	0
119	182	0
120	175	0
121	171	0
122	165	0
123	160	0
124	158	0
125	155	0
126	153	0
127	153	0
128	154	0
129	156	0
130	160	0
131	164	0
132	169	0
133	175	0
134	181	0
135	188	0
136	195	0
137	200	0
138	205	0
139	209	0
140	211	0
141	213	0
142	213	0
143	212	0
144	209	0
145	205	0
146	199	0
147	194	0
148	187	0
149	180	0
150	172	0
151	166	0
152	160	0
153	154	0
154	149	0
155	147	0
156	144	0
157	144	0
158	147	0
159	149	0
160	154	0
161	160	0
162	167	0
163	173	0
164	181	0
165	190	0
166	197	0
167	204	0
168	211	0
169	215	0
170	219	0
171	221	0
172	221	0
173	220	0
174	217	0
175	213	0
176	207	0
177	199	0
178	191	0
179	183	0
180	174	0
181	166	0
182	157	0
183	151	0
184	144	0
185	140	0
186	138	0
187	136	0
188	138	0
189	140	0
190	145	0
191	151	0
192	159	0
193	167	0
194	176	0
195	186	0
196	195	0
197	203	0
198	211	0
199	219	0
200	223	0
201	227	0
202	228	0
203	228	0
204	225	0
205	221	0
206	215	0
207	208	0
208	200	0
209	191	0
210	180	0
211	171	0
212	161	0
213	152	0
214	145	0
215	139	0
216	135	0
217	132	0
218	131	0
219	133	0
220	137	0
221	143	0
222	149	0
223	158	0
224	167	0
225	176	0
226	187	0
227	197	0
228	206	0
229	214	0
230	221	0
231	227	0
232	230	0
233	231	0
234	231	0
235	228	0
236	223	0
237	216	0
238	208	0
239	200	0
240	191	0
241	180	0
242	171	0
243	161	0
244	152	0
245	145	0
246	139	0
247	135	0
248	132	0
249	131	0
250	134	0
251	136	0
252	143	0
253	149	0
254	157	0
255	167	0
256	176	0
257	187	0
258	195	0
259	204	0
260	211	0
261	219	0
262	223	0
263	227	0
264	228	0
265	228	0
266	225	0
267	221	0
268	216	0
269	208	0
270	199	0
271	191	0
272	181	0
273	172	0
274	164	0
275	156	0
276	149	0
277	144	0
278	140	0
279	139	0
280	138	0
281	139	0
282	143	0
283	147	0
284	152	0
285	159	0
286	167	0
287	175	0
288	184	0
289	192	0
290	199	0
291	207	0
292	212	0
293	215	0
294	219	0
295	220	0
296	219	0
297	216	0
298	214	0
299	209	0
300	203	0
301	197	0
302	190	0
303	183	0
304	175	0
305	169	0
306	163	0
307	157	0
308	153	0
309	151	0
310	149	0
311	149	0
312	151	0
313	152	0
314	156	0
315	160	0
316	166	0
317	171	0
318	177	0
319	183	0
320	188	0
321	192	0
322	197	0
323	201	0
324	204	0
325	204	0
326	205	0
327	204	0
328	203	0
329	200	0
330	197	0
331	193	0
332	190	0
333	185	0
334	181	0
335	176	0
336	173	0
337	169	0
338	167	0
339	167	0
340	165	0
341	164	0
342	165	0
343	167	0
344	168	0
345	171	0
346	173	0
347	175	0
348	179	0
349	182	0
350	184	0
351	186	0
352	187	0
353	189	0
354	189	0
355	189	0
356	189	0
357	188	0
358	187	0
359	185	0
360	183	0
361	181	0
362	180	0
363	179	0
364	177	0
365	176	0
366	176	0
367	176	0
368	176	0
369	177	0
370	179	0
371	180	0
372	182	0
373	184	0
374	187	0
375	188	0
376	189	0
377	191	0
378	191	0
379	191	0
380	190	0
381	190	0
382	188	0
383	186	0
384	183	0
385	180	0
386	176	0
387	173	0
388	171	0
389	167	0
390	165	0
391	164	0
392	163	0
393	163	0
394	163	0
395	164	0
396	167	0
397	171	0
398	175	0
399	179	0
400	184	0
401	188	0
402	193	0
403	199	0
404	203	0
405	205	0
406	207	0
407	208	0
408	209	0
409	207	0
410	205	0
411	203	0
412	199	0
413	192	0
414	187	0
415	180	0
416	173	0
417	167	0
418	160	0
419	155	0
420	151	0
421	147	0
422	144	0
423	144	0
424	144	0
425	147	0
426	151	0
427	156	0
428	163	0
429	171	0
430	177	0
431	186	0
432	195	0
433	203	0
434	209	0
435	216	0
436	221	0
437	224	0
438	227	0
439	227	0
440	224	0
441	221	0
442	215	0
443	208	0
444	200	0
445	192	0
446	181	0
447	172	0
448	163	0
449	152	0
450	145	0
451	139	0
452	133	0
453	129	0
454	128	0
455	129	0
456	132	0
457	136	0
458	143	0
459	153	0
460	163	0
461	173	0
462	183	0
463	195	0
464	205	0
465	215	0
466	223	0
467	231	0
468	235	0
469	239	0
470	239	0
471	238	0
472	233	0
473	227	0
474	219	0
475	210	0
476	199	0
477	187	0
478	175	0
479	163	0
480	152	0
481	141	0
482	132	0
483	127	0
484	121	0
485	120	0
486	119	0
487	121	0
488	127	0
489	134	0
490	143	0
491	155	0
492	165	0
493	179	0
494	191	0
495	203	0
496	215	0
497	224	0
498	233	0
499	239	0
500	243	0
501	244	0
502	244	0
503	240	0
504	235	0
505	227	0
506	216	0
507	205	0
508	193	0
509	180	0
510	167	0
511	156	0
512	144	0
513	135	0
514	127	0
515	121	0
516	119	0
517	116	0
518	119	0
519	123	0
520	129	0
521	139	0
522	148	0
523	160	0
524	172	0
525	184	0
526	196	0
527	209	0
528	219	0
529	228	0
530	235	0
531	239	0
532	242	0
533	243	0
534	240	0
535	235	0
536	228	0
537	219	0
538	209	0
539	199	0
540	187	0
541	175	0
542	163	0
543	152	0
544	143	0
545	135	0
546	128	0
547	125	0
548	123	0
549	124	0
550	127	0
551	132	0
552	139	0
553	148	0
554	158	0
555	167	0
556	179	0
557	190	0
558	200	0
559	209	0
560	219	0
561	224	0
562	229	0
563	232	0
564	233	0
565	232	0
566	228	0
567	223	0
568	216	0
569	208	0
570	199	0
571	190	0
572	180	0
573	171	0
574	162	0
575	155	0
576	147	0
577	143	0
578	139	0
579	136	0
580	136	0
581	139	0
582	143	0
583	147	0
584	152	0
585	161	0
586	168	0
587	176	0
588	184	0
589	192	0
590	199	0
591	205	0
592	210	0
593	215	0
594	216	0
595	216	0
596	216	0
597	215	0
598	211	0
599	207	0
600	201	0
601	195	0
602	189	0
603	183	0
604	175	0
605	171	0
606	165	0
607	160	0
608	158	0
609	156	0
610	155	0
611	155	0
612	156	0
613	158	0
614	161	0
615	164	0
616	168	0
617	173	0
618	178	0
619	183	0
620	187	0
621	190	0
622	192	0
623	195	0
624	196	0
625	198	0
626	197	0
627	197	0
628	195	0
629	194	0
630	191	0
631	189	0
632	186	0
633	183	0
634	180	0
635	179	0
636	175	0
637	175	0
638	175	0
639	173	0
640	173	0
641	174	0
642	175	0
643	176	0
644	179	0
645	179	0
646	180	0
647	183	0
648	183	0
649	184	0
650	184	0
651	184	0
652	184	0
653	183	0
654	183	0
655	180	0
656	180	0
657	179	0
658	176	0
659	175	0
660	173	0
661	173	0
662	172	0
663	172	0
664	172	0
665	174	0
666	175	0
667	177	0
668	180	0
669	183	0
670	186	0
671	189	0
672	191	0
673	195	0
674	196	0
675	197	0
676	198	0
677	199	0
678	197	0
679	195	0
680	193	0
681	191	0
682	187	0
683	183	0
684	179	0
685	174	0
686	169	0
687	164	0
688	161	0
689	159	0
690	156	0
691	155	0
692	155	0
693	156	0
694	159	0
695	161	0
696	165	0
697	171	0
698	176	0
699	181	0
700	187	0
701	195	0
702	200	0
703	204	0
704	210	0
705	213	0
706	215	0
707	215	0
708	215	0
709	212	0
710	208	0
711	204	0
712	198	0
713	191	0
714	184	0
715	176	0
716	170	0
717	163	0
718	156	0
719	149	0
720	145	0
721	143	0
722	140	0
723	140	0
724	143	0
725	145	0
726	151	0
727	156	0
728	163	0
729	172	0
730	180	0
731	189	0
732	197	0
733	207	0
734	213	0
735	219	0
736	223	0
737	227	0
738	227	0
739	225	0
740	223	0
741	219	0
742	213	0
743	205	0
744	197	0
745	187	0
746	177	0
747	168	0
748	159	0
749	151	0
750	144	0
751	138	0
752	133	0
753	132	0
754	131	0
755	133	0
756	137	0
757	143	0
758	150	0
759	159	0
760	168	0
761	179	0
762	188	0
763	199	0
764	207	0
765	216	0
766	223	0
767	228	0
768	231	0
769	232	0
770	232	0
771	228	0
772	224	0
773	217	0
774	210	0
775	200	0
776	190	0
777	180	0
778	170	0
779	160	0
780	150	0
781	143	0
782	136	0
783	131	0
784	129	0
785	129	0
786	131	0
787	135	0
788	140	0
789	148	0
790	156	0
791	166	0
792	177	0
793	187	0
794	197	0
795	207	0
796	215	0
797	222	0
798	227	0
799	231	0
800	232	0
801	231	0
802	228	0
803	224	0
804	217	0
805	209	0
806	200	0
807	192	0
808	180	0
809	171	0
810	161	0
811	152	0
812	145	0
813	139	0
814	135	0
815	132	0
816	132	0
817	135	0
818	138	0
819	143	0
820	151	0
821	159	0
822	167	0
823	177	0
824	187	0
825	195	0
826	204	0
827	211	0
828	219	0
829	223	0
830	225	0
831	227	0
832	225	0
833	223	0
834	219	0
835	212	0
836	204	0
837	196	0
838	188	0
839	179	0
840	171	0
841	162	0
842	155	0
843	149	0
844	144	0
845	141	0
846	140	0
847	140	0
848	143	0
849	147	0
850	151	0
851	158	0
852	165	0
853	172	0
854	180	0
855	188	0
856	196	0
857	203	0
858	208	0
859	212	0
860	215	0
861	218	0
862	217	0
863	216	0
864	212	0
865	208	0
866	203	0
867	196	0
868	190	0
869	182	0
870	176	0
871	168	0
872	163	0
873	157	0
874	153	0
875	151	0
876	149	0
877	150	0
878	151	0
879	153	0
880	159	0
881	163	0
882	168	0
883	174	0
884	180	0
885	187	0
886	192	0
887	197	0
888	202	0
889	205	0
890	207	0
891	208	0
892	207	0
893	207	0
894	203	0
895	199	0
896	195	0
897	190	0
898	185	0
899	180	0
900	174	0
901	169	0
902	165	0
903	162	0
904	159	0
905	158	0
906	157	0
907	159	0
908	160	0
909	163	0
910	167	0
911	171	0
912	175	0
913	180	0
914	185	0
915	191	0
916	194	0
917	197	0
918	199	0
919	203	0
920	203	0
921	202	0
922	200	0
923	199	0
924	195	0
925	191	0
926	187	0
927	183	0
928	177	0
929	173	0
930	169	0
931	165	0
932	163	0
933	161	0
934	160	0
935	159	0
936	161	0
937	163	0
938	167	0
939	171	0
940	175	0
941	179	0
942	184	0
943	188	0
944	193	0
945	196	0
946	199	0
947	202	0
948	203	0
949	203	0
950	202	0
951	200	0
952	197	0
953	193	0
954	190	0
955	184	0
956	179	0
957	175	0
958	170	0
959	166	0
960	162	0
961	159	0
962	158	0
963	157	0
964	157	0
965	159	0
966	161	0
967	164	0
968	169	0
969	175	0
970	179	0
971	185	0
972	191	0
973	195	0
974	200	0
975	204	0
976	207	0
977	207	0
978	208	0
979	208	0
980	207	0
981	203	0
982	197	0
983	192	0
984	187	0
985	181	0
986	175	0
987	169	0
988	164	0
989	159	0
990	156	0
991	152	0
992	151	0
993	151	0
994	152	0
995	155	0
996	158	0
997	163	0
998	168	0
999	175	0
