Oscilloscope data. 
Time step = 1,000 uS
Voltage step = 31,25 mV
Zero level = 180

N 	Smpl.	Trig

0	229	0
1	229	0
2	228	0
3	223	0
4	218	0
5	211	0
6	202	0
7	192	0
8	183	0
9	172	0
10	163	0
11	154	0
12	147	0
13	140	0
14	136	0
15	134	0
16	133	0
17	136	0
18	140	0
19	145	0
20	152	0
21	161	0
22	171	0
23	180	0
24	189	0
25	199	0
26	207	0
27	215	0
28	219	0
29	223	0
30	225	0
31	225	0
32	223	0
33	219	0
34	213	0
35	207	0
36	199	0
37	190	0
38	180	0
39	172	0
40	164	0
41	156	0
42	151	0
43	147	0
44	143	0
45	141	0
46	143	0
47	144	0
48	148	0
49	154	0
50	160	0
51	167	0
52	175	0
53	183	0
54	191	0
55	198	0
56	204	0
57	209	0
58	212	0
59	215	0
60	215	0
61	214	0
62	211	0
63	207	0
64	201	0
65	195	0
66	190	0
67	183	0
68	176	0
69	169	0
70	163	0
71	159	0
72	156	0
73	153	0
74	153	0
75	154	0
76	156	0
77	159	0
78	163	0
79	168	0
80	173	0
81	179	0
82	185	0
83	191	0
84	195	0
85	199	0
86	203	0
87	204	0
88	205	0
89	204	0
90	203	0
91	199	0
92	196	0
93	191	0
94	186	0
95	181	0
96	175	0
97	171	0
98	167	0
99	164	0
100	161	0
101	159	0
102	159	0
103	160	0
104	163	0
105	167	0
106	171	0
107	175	0
108	179	0
109	184	0
110	189	0
111	193	0
112	196	0
113	200	0
114	202	0
115	203	0
116	203	0
117	201	0
118	198	0
119	195	0
120	191	0
121	185	0
122	180	0
123	175	0
124	169	0
125	165	0
126	162	0
127	159	0
128	156	0
129	156	0
130	157	0
131	159	0
132	163	0
133	167	0
134	171	0
135	176	0
136	183	0
137	189	0
138	195	0
139	200	0
140	203	0
141	207	0
142	209	0
143	210	0
144	209	0
145	207	0
146	203	0
147	199	0
148	193	0
149	187	0
150	180	0
151	173	0
152	167	0
153	161	0
154	156	0
155	152	0
156	150	0
157	148	0
158	148	0
159	151	0
160	154	0
161	159	0
162	164	0
163	171	0
164	179	0
165	187	0
166	193	0
167	200	0
168	206	0
169	211	0
170	215	0
171	217	0
172	218	0
173	216	0
174	214	0
175	210	0
176	203	0
177	196	0
178	189	0
179	181	0
180	173	0
181	165	0
182	159	0
183	152	0
184	147	0
185	143	0
186	141	0
187	142	0
188	143	0
189	147	0
190	152	0
191	159	0
192	167	0
193	175	0
194	183	0
195	191	0
196	199	0
197	207	0
198	213	0
199	219	0
200	221	0
201	223	0
202	223	0
203	219	0
204	215	0
205	210	0
206	202	0
207	195	0
208	186	0
209	177	0
210	168	0
211	160	0
212	153	0
213	147	0
214	143	0
215	140	0
216	139	0
217	140	0
218	143	0
219	148	0
220	154	0
221	161	0
222	169	0
223	177	0
224	187	0
225	195	0
226	203	0
227	210	0
228	215	0
229	219	0
230	221	0
231	222	0
232	220	0
233	217	0
234	212	0
235	206	0
236	199	0
237	191	0
238	182	0
239	175	0
240	166	0
241	159	0
242	152	0
243	148	0
244	144	0
245	143	0
246	143	0
247	145	0
248	148	0
249	154	0
250	159	0
251	167	0
252	173	0
253	182	0
254	190	0
255	196	0
256	203	0
257	208	0
258	212	0
259	215	0
260	216	0
261	215	0
262	212	0
263	208	0
264	204	0
265	197	0
266	191	0
267	184	0
268	178	0
269	171	0
270	164	0
271	160	0
272	155	0
273	152	0
274	151	0
275	151	0
276	152	0
277	156	0
278	159	0
279	164	0
280	170	0
281	175	0
282	182	0
283	187	0
284	193	0
285	197	0
286	202	0
287	203	0
288	206	0
289	206	0
290	204	0
291	203	0
292	199	0
293	195	0
294	191	0
295	185	0
296	180	0
297	175	0
298	171	0
299	167	0
300	163	0
301	161	0
302	160	0
303	160	0
304	161	0
305	164	0
306	167	0
307	171	0
308	175	0
309	180	0
310	184	0
311	189	0
312	193	0
313	196	0
314	199	0
315	200	0
316	200	0
317	199	0
318	197	0
319	195	0
320	191	0
321	187	0
322	183	0
323	177	0
324	173	0
325	169	0
326	166	0
327	163	0
328	160	0
329	160	0
330	160	0
331	162	0
332	164	0
333	168	0
334	172	0
335	177	0
336	183	0
337	188	0
338	192	0
339	197	0
340	202	0
341	204	0
342	207	0
343	207	0
344	207	0
345	204	0
346	200	0
347	196	0
348	192	0
349	185	0
350	179	0
351	172	0
352	166	0
353	160	0
354	156	0
355	152	0
356	149	0
357	148	0
358	148	0
359	151	0
360	155	0
361	159	0
362	165	0
363	172	0
364	179	0
365	187	0
366	195	0
367	203	0
368	208	0
369	214	0
370	218	0
371	220	0
372	220	0
373	219	0
374	216	0
375	211	0
376	205	0
377	198	0
378	189	0
379	180	0
380	171	0
381	162	0
382	155	0
383	147	0
384	142	0
385	139	0
386	136	0
387	135	0
388	138	0
389	141	0
390	147	0
391	155	0
392	163	0
393	172	0
394	183	0
395	192	0
396	202	0
397	211	0
398	219	0
399	224	0
400	228	0
401	231	0
402	231	0
403	227	0
404	223	0
405	218	0
406	211	0
407	200	0
408	190	0
409	179	0
410	170	0
411	159	0
412	150	0
413	143	0
414	136	0
415	131	0
416	129	0
417	129	0
418	131	0
419	136	0
420	143	0
421	151	0
422	160	0
423	171	0
424	180	0
425	191	0
426	201	0
427	211	0
428	219	0
429	224	0
430	230	0
431	232	0
432	232	0
433	229	0
434	225	0
435	220	0
436	211	0
437	203	0
438	193	0
439	183	0
440	172	0
441	163	0
442	155	0
443	147	0
444	140	0
445	135	0
446	133	0
447	133	0
448	135	0
449	139	0
450	144	0
451	151	0
452	159	0
453	168	0
454	177	0
455	187	0
456	195	0
457	203	0
458	211	0
459	216	0
460	220	0
461	223	0
462	222	0
463	221	0
464	219	0
465	213	0
466	207	0
467	200	0
468	192	0
469	185	0
470	177	0
471	170	0
472	163	0
473	159	0
474	152	0
475	150	0
476	148	0
477	148	0
478	149	0
479	152	0
480	156	0
481	160	0
482	166	0
483	171	0
484	177	0
485	184	0
486	188	0
487	194	0
488	199	0
489	201	0
490	203	0
491	204	0
492	203	0
493	202	0
494	200	0
495	196	0
496	193	0
497	189	0
498	186	0
499	181	0
500	178	0
501	175	0
502	172	0
503	171	0
504	169	0
505	169	0
506	168	0
507	171	0
508	172	0
509	174	0
510	176	0
511	179	0
512	181	0
513	183	0
514	185	0
515	187	0
516	187	0
517	187	0
518	187	0
519	185	0
520	184	0
521	182	0
522	180	0
523	177	0
524	175	0
525	173	0
526	171	0
527	171	0
528	171	0
529	171	0
530	171	0
531	173	0
532	176	0
533	179	0
534	183	0
535	187	0
536	191	0
537	195	0
538	198	0
539	200	0
540	203	0
541	203	0
542	203	0
543	203	0
544	200	0
545	196	0
546	192	0
547	188	0
548	181	0
549	175	0
550	169	0
551	164	0
552	159	0
553	153	0
554	149	0
555	147	0
556	147	0
557	147	0
558	149	0
559	153	0
560	159	0
561	164	0
562	172	0
563	179	0
564	188	0
565	196	0
566	203	0
567	211	0
568	217	0
569	223	0
570	225	0
571	227	0
572	225	0
573	223	0
574	219	0
575	212	0
576	204	0
577	195	0
578	185	0
579	175	0
580	164	0
581	155	0
582	147	0
583	138	0
584	132	0
585	128	0
586	127	0
587	127	0
588	130	0
589	135	0
590	143	0
591	151	0
592	161	0
593	172	0
594	184	0
595	196	0
596	207	0
597	218	0
598	227	0
599	233	0
600	239	0
601	241	0
602	240	0
603	239	0
604	234	0
605	227	0
606	217	0
607	207	0
608	195	0
609	183	0
610	170	0
611	157	0
612	147	0
613	136	0
614	128	0
615	122	0
616	119	0
617	117	0
618	120	0
619	124	0
620	131	0
621	140	0
622	151	0
623	163	0
624	175	0
625	187	0
626	199	0
627	211	0
628	222	0
629	231	0
630	237	0
631	241	0
632	243	0
633	243	0
634	239	0
635	232	0
636	224	0
637	215	0
638	204	0
639	192	0
640	180	0
641	167	0
642	156	0
643	146	0
644	137	0
645	130	0
646	127	0
647	123	0
648	123	0
649	127	0
650	131	0
651	138	0
652	147	0
653	156	0
654	167	0
655	178	0
656	189	0
657	199	0
658	208	0
659	217	0
660	223	0
661	228	0
662	231	0
663	231	0
664	229	0
665	227	0
666	220	0
667	213	0
668	206	0
669	196	0
670	188	0
671	179	0
672	170	0
673	161	0
674	155	0
675	149	0
676	145	0
677	143	0
678	142	0
679	143	0
680	146	0
681	149	0
682	155	0
683	161	0
684	166	0
685	173	0
686	180	0
687	187	0
688	192	0
689	198	0
690	202	0
691	205	0
692	207	0
693	207	0
694	207	0
695	205	0
696	203	0
697	199	0
698	195	0
699	191	0
700	187	0
701	183	0
702	179	0
703	176	0
704	173	0
705	171	0
706	169	0
707	169	0
708	168	0
709	169	0
710	171	0
711	172	0
712	174	0
713	175	0
714	177	0
715	179	0
716	180	0
717	181	0
718	183	0
719	183	0
720	183	0
721	181	0
722	180	0
723	179	0
724	179	0
725	176	0
726	176	0
727	175	0
728	175	0
729	175	0
730	176	0
731	177	0
732	179	0
733	182	0
734	185	0
735	187	0
736	191	0
737	193	0
738	196	0
739	198	0
740	199	0
741	200	0
742	200	0
743	199	0
744	197	0
745	194	0
746	191	0
747	186	0
748	180	0
749	176	0
750	169	0
751	164	0
752	160	0
753	155	0
754	152	0
755	149	0
756	149	0
757	148	0
758	151	0
759	155	0
760	159	0
761	164	0
762	171	0
763	179	0
764	187	0
765	195	0
766	203	0
767	209	0
768	215	0
769	220	0
770	223	0
771	224	0
772	224	0
773	223	0
774	219	0
775	213	0
776	206	0
777	197	0
778	187	0
779	178	0
780	168	0
781	159	0
782	150	0
783	143	0
784	135	0
785	131	0
786	128	0
787	128	0
788	131	0
789	135	0
790	140	0
791	149	0
792	158	0
793	168	0
794	180	0
795	191	0
796	203	0
797	213	0
798	223	0
799	230	0
800	235	0
801	239	0
802	239	0
803	238	0
804	235	0
805	227	0
806	219	0
807	210	0
808	199	0
809	187	0
810	175	0
811	163	0
812	151	0
813	140	0
814	133	0
815	127	0
816	123	0
817	120	0
818	122	0
819	124	0
820	131	0
821	139	0
822	148	0
823	159	0
824	171	0
825	183	0
826	195	0
827	207	0
828	217	0
829	227	0
830	233	0
831	238	0
832	239	0
833	240	0
834	236	0
835	232	0
836	225	0
837	215	0
838	206	0
839	195	0
840	183	0
841	171	0
842	159	0
843	149	0
844	141	0
845	134	0
846	129	0
847	127	0
848	127	0
849	128	0
850	132	0
851	139	0
852	147	0
853	156	0
854	167	0
855	176	0
856	187	0
857	198	0
858	207	0
859	215	0
860	221	0
861	225	0
862	228	0
863	228	0
864	227	0
865	223	0
866	219	0
867	211	0
868	203	0
869	195	0
870	186	0
871	176	0
872	169	0
873	160	0
874	153	0
875	148	0
876	144	0
877	143	0
878	143	0
879	144	0
880	147	0
881	152	0
882	157	0
883	163	0
884	171	0
885	177	0
886	184	0
887	191	0
888	196	0
889	203	0
890	205	0
891	208	0
892	209	0
893	208	0
894	207	0
895	203	0
896	200	0
897	196	0
898	191	0
899	187	0
900	181	0
901	176	0
902	172	0
903	168	0
904	167	0
905	164	0
906	163	0
907	164	0
908	164	0
909	167	0
910	169	0
911	172	0
912	176	0
913	179	0
914	183	0
915	187	0
916	188	0
917	191	0
918	192	0
919	192	0
920	192	0
921	191	0
922	189	0
923	187	0
924	184	0
925	180	0
926	179	0
927	176	0
928	173	0
929	171	0
930	170	0
931	169	0
932	169	0
933	171	0
934	172	0
935	175	0
936	179	0
937	181	0
938	186	0
939	189	0
940	192	0
941	195	0
942	197	0
943	199	0
944	200	0
945	199	0
946	199	0
947	196	0
948	192	0
949	188	0
950	184	0
951	179	0
952	173	0
953	168	0
954	163	0
955	160	0
956	157	0
957	155	0
958	155	0
959	154	0
960	155	0
961	159	0
962	163	0
963	168	0
964	173	0
965	179	0
966	187	0
967	193	0
968	199	0
969	205	0
970	210	0
971	214	0
972	216	0
973	216	0
974	215	0
975	214	0
976	209	0
977	204	0
978	197	0
979	189	0
980	183	0
981	173	0
982	165	0
983	159	0
984	152	0
985	147	0
986	143	0
987	139	0
988	139	0
989	140	0
990	143	0
991	148	0
992	155	0
993	163	0
994	171	0
995	180	0
996	189	0
997	199	0
998	207	0
999	213	0
