Oscilloscope data. 
Time step = 1,000 uS
Voltage step = 31,25 mV
Zero level = 180

N 	Smpl.	Trig

0	140	0
1	137	0
2	136	0
3	138	0
4	140	0
5	145	0
6	151	0
7	159	0
8	168	0
9	177	0
10	187	0
11	197	0
12	207	0
13	215	0
14	223	0
15	228	0
16	231	0
17	233	0
18	233	0
19	231	0
20	225	0
21	219	0
22	211	0
23	201	0
24	191	0
25	179	0
26	168	0
27	157	0
28	147	0
29	138	0
30	131	0
31	126	0
32	123	0
33	123	0
34	124	0
35	128	0
36	135	0
37	143	0
38	154	0
39	164	0
40	177	0
41	189	0
42	200	0
43	212	0
44	223	0
45	231	0
46	237	0
47	241	0
48	243	0
49	243	0
50	239	0
51	233	0
52	225	0
53	215	0
54	204	0
55	192	0
56	180	0
57	167	0
58	155	0
59	144	0
60	135	0
61	128	0
62	121	0
63	118	0
64	117	0
65	120	0
66	124	0
67	131	0
68	140	0
69	151	0
70	163	0
71	175	0
72	187	0
73	199	0
74	211	0
75	222	0
76	231	0
77	237	0
78	240	0
79	242	0
80	242	0
81	239	0
82	232	0
83	224	0
84	216	0
85	205	0
86	193	0
87	182	0
88	169	0
89	159	0
90	148	0
91	139	0
92	132	0
93	128	0
94	124	0
95	123	0
96	126	0
97	130	0
98	136	0
99	144	0
100	153	0
101	163	0
102	175	0
103	185	0
104	196	0
105	205	0
106	214	0
107	221	0
108	227	0
109	230	0
110	231	0
111	230	0
112	228	0
113	223	0
114	217	0
115	209	0
116	201	0
117	192	0
118	183	0
119	173	0
120	165	0
121	157	0
122	151	0
123	147	0
124	143	0
125	140	0
126	140	0
127	141	0
128	144	0
129	149	0
130	155	0
131	161	0
132	168	0
133	175	0
134	183	0
135	189	0
136	195	0
137	201	0
138	205	0
139	208	0
140	211	0
141	211	0
142	211	0
143	208	0
144	205	0
145	202	0
146	197	0
147	192	0
148	187	0
149	183	0
150	177	0
151	173	0
152	169	0
153	167	0
154	164	0
155	163	0
156	163	0
157	164	0
158	164	0
159	166	0
160	168	0
161	171	0
162	174	0
163	176	0
164	179	0
165	181	0
166	184	0
167	185	0
168	187	0
169	187	0
170	187	0
171	187	0
172	187	0
173	185	0
174	184	0
175	183	0
176	182	0
177	180	0
178	180	0
179	180	0
180	180	0
181	180	0
182	181	0
183	183	0
184	183	0
185	185	0
186	187	0
187	189	0
188	189	0
189	190	0
190	191	0
191	191	0
192	191	0
193	189	0
194	187	0
195	186	0
196	183	0
197	179	0
198	176	0
199	172	0
200	168	0
201	166	0
202	163	0
203	161	0
204	160	0
205	159	0
206	161	0
207	161	0
208	163	0
209	167	0
210	171	0
211	176	0
212	181	0
213	187	0
214	192	0
215	199	0
216	203	0
217	207	0
218	211	0
219	213	0
220	214	0
221	213	0
222	211	0
223	209	0
224	204	0
225	199	0
226	191	0
227	184	0
228	176	0
229	169	0
230	162	0
231	155	0
232	148	0
233	144	0
234	140	0
235	139	0
236	139	0
237	140	0
238	143	0
239	148	0
240	155	0
241	163	0
242	171	0
243	181	0
244	191	0
245	199	0
246	208	0
247	215	0
248	223	0
249	227	0
250	229	0
251	231	0
252	231	0
253	227	0
254	223	0
255	215	0
256	207	0
257	197	0
258	187	0
259	176	0
260	165	0
261	155	0
262	147	0
263	139	0
264	132	0
265	128	0
266	126	0
267	126	0
268	128	0
269	133	0
270	139	0
271	148	0
272	159	0
273	168	0
274	180	0
275	191	0
276	203	0
277	213	0
278	223	0
279	229	0
280	235	0
281	239	0
282	239	0
283	238	0
284	234	0
285	227	0
286	220	0
287	211	0
288	199	0
289	188	0
290	176	0
291	164	0
292	153	0
293	143	0
294	135	0
295	128	0
296	124	0
297	123	0
298	123	0
299	127	0
300	131	0
301	139	0
302	147	0
303	157	0
304	168	0
305	180	0
306	192	0
307	203	0
308	213	0
309	222	0
310	229	0
311	234	0
312	237	0
313	236	0
314	235	0
315	231	0
316	224	0
317	217	0
318	207	0
319	197	0
320	187	0
321	176	0
322	164	0
323	155	0
324	146	0
325	139	0
326	133	0
327	130	0
328	129	0
329	131	0
330	133	0
331	139	0
332	145	0
333	153	0
334	163	0
335	172	0
336	183	0
337	192	0
338	201	0
339	209	0
340	216	0
341	223	0
342	225	0
343	227	0
344	227	0
345	224	0
346	219	0
347	214	0
348	207	0
349	199	0
350	191	0
351	183	0
352	173	0
353	165	0
354	159	0
355	152	0
356	147	0
357	144	0
358	143	0
359	143	0
360	144	0
361	148	0
362	153	0
363	159	0
364	165	0
365	172	0
366	179	0
367	187	0
368	193	0
369	199	0
370	204	0
371	208	0
372	210	0
373	211	0
374	211	0
375	208	0
376	207	0
377	202	0
378	197	0
379	192	0
380	187	0
381	181	0
382	176	0
383	171	0
384	166	0
385	163	0
386	160	0
387	159	0
388	159	0
389	160	0
390	161	0
391	164	0
392	169	0
393	171	0
394	176	0
395	180	0
396	184	0
397	188	0
398	191	0
399	195	0
400	195	0
401	197	0
402	197	0
403	196	0
404	195	0
405	192	0
406	188	0
407	186	0
408	181	0
409	179	0
410	175	0
411	171	0
412	170	0
413	167	0
414	167	0
415	167	0
416	168	0
417	169	0
418	172	0
419	175	0
420	179	0
421	182	0
422	185	0
423	188	0
424	192	0
425	194	0
426	195	0
427	197	0
428	197	0
429	197	0
430	195	0
431	193	0
432	190	0
433	186	0
434	183	0
435	177	0
436	173	0
437	169	0
438	166	0
439	163	0
440	160	0
441	160	0
442	159	0
443	160	0
444	163	0
445	165	0
446	168	0
447	173	0
448	179	0
449	184	0
450	189	0
451	195	0
452	199	0
453	203	0
454	207	0
455	208	0
456	209	0
457	208	0
458	207	0
459	204	0
460	200	0
461	195	0
462	189	0
463	183	0
464	176	0
465	169	0
466	163	0
467	158	0
468	153	0
469	151	0
470	148	0
471	147	0
472	148	0
473	151	0
474	155	0
475	159	0
476	165	0
477	172	0
478	179	0
479	187	0
480	195	0
481	202	0
482	208	0
483	213	0
484	216	0
485	219	0
486	219	0
487	219	0
488	215	0
489	211	0
490	205	0
491	199	0
492	191	0
493	183	0
494	175	0
495	167	0
496	159	0
497	153	0
498	147	0
499	143	0
500	140	0
501	139	0
502	140	0
503	144	0
504	147	0
505	154	0
506	160	0
507	169	0
508	177	0
509	187	0
510	195	0
511	203	0
512	211	0
513	216	0
514	220	0
515	223	0
516	224	0
517	223	0
518	220	0
519	216	0
520	211	0
521	203	0
522	195	0
523	187	0
524	177	0
525	168	0
526	159	0
527	152	0
528	147	0
529	143	0
530	139	0
531	136	0
532	139	0
533	140	0
534	145	0
535	151	0
536	159	0
537	167	0
538	175	0
539	184	0
540	193	0
541	202	0
542	208	0
543	215	0
544	220	0
545	223	0
546	224	0
547	223	0
548	220	0
549	217	0
550	211	0
551	204	0
552	196	0
553	187	0
554	179	0
555	170	0
556	162	0
557	155	0
558	148	0
559	144	0
560	141	0
561	140	0
562	140	0
563	143	0
564	147	0
565	152	0
566	159	0
567	167	0
568	175	0
569	183	0
570	191	0
571	199	0
572	206	0
573	211	0
574	216	0
575	219	0
576	219	0
577	219	0
578	216	0
579	212	0
580	207	0
581	200	0
582	194	0
583	186	0
584	179	0
585	171	0
586	163	0
587	158	0
588	153	0
589	149	0
590	147	0
591	147	0
592	147	0
593	150	0
594	153	0
595	159	0
596	164	0
597	171	0
598	179	0
599	185	0
600	191	0
601	197	0
602	203	0
603	207	0
604	211	0
605	212	0
606	212	0
607	211	0
608	208	0
609	203	0
610	199	0
611	194	0
612	188	0
613	181	0
614	175	0
615	170	0
616	164	0
617	160	0
618	156	0
619	155	0
620	153	0
621	155	0
622	156	0
623	159	0
624	163	0
625	167	0
626	173	0
627	179	0
628	184	0
629	190	0
630	195	0
631	199	0
632	202	0
633	204	0
634	206	0
635	205	0
636	203	0
637	201	0
638	197	0
639	193	0
640	189	0
641	184	0
642	179	0
643	173	0
644	169	0
645	165	0
646	161	0
647	159	0
648	159	0
649	159	0
650	160	0
651	163	0
652	165	0
653	169	0
654	174	0
655	179	0
656	183	0
657	188	0
658	193	0
659	197	0
660	200	0
661	203	0
662	204	0
663	204	0
664	203	0
665	200	0
666	197	0
667	192	0
668	188	0
669	183	0
670	178	0
671	172	0
672	168	0
673	163	0
674	160	0
675	159	0
676	156	0
677	156	0
678	158	0
679	160	0
680	164	0
681	168	0
682	173	0
683	179	0
684	184	0
685	191	0
686	195	0
687	200	0
688	203	0
689	207	0
690	208	0
691	208	0
692	208	0
693	206	0
694	203	0
695	197	0
696	191	0
697	186	0
698	180	0
699	173	0
700	167	0
701	161	0
702	156	0
703	153	0
704	151	0
705	149	0
706	150	0
707	151	0
708	155	0
709	159	0
710	164	0
711	171	0
712	178	0
713	185	0
714	193	0
715	199	0
716	205	0
717	211	0
718	214	0
719	216	0
720	217	0
721	216	0
722	214	0
723	209	0
724	204	0
725	197	0
726	191	0
727	183	0
728	175	0
729	167	0
730	159	0
731	153	0
732	148	0
733	144	0
734	142	0
735	141	0
736	143	0
737	145	0
738	149	0
739	155	0
740	163	0
741	171	0
742	179	0
743	188	0
744	196	0
745	204	0
746	211	0
747	217	0
748	221	0
749	224	0
750	224	0
751	223	0
752	220	0
753	215	0
754	208	0
755	201	0
756	192	0
757	184	0
758	175	0
759	165	0
760	157	0
761	149	0
762	143	0
763	139	0
764	136	0
765	135	0
766	136	0
767	140	0
768	144	0
769	151	0
770	159	0
771	167	0
772	176	0
773	187	0
774	196	0
775	204	0
776	212	0
777	219	0
778	223	0
779	227	0
780	227	0
781	227	0
782	223	0
783	219	0
784	212	0
785	205	0
786	196	0
787	187	0
788	178	0
789	168	0
790	160	0
791	151	0
792	145	0
793	139	0
794	136	0
795	135	0
796	136	0
797	139	0
798	143	0
799	149	0
800	156	0
801	164	0
802	172	0
803	182	0
804	191	0
805	199	0
806	207	0
807	215	0
808	220	0
809	223	0
810	224	0
811	224	0
812	223	0
813	219	0
814	212	0
815	207	0
816	199	0
817	191	0
818	182	0
819	174	0
820	165	0
821	159	0
822	152	0
823	147	0
824	143	0
825	143	0
826	142	0
827	143	0
828	147	0
829	151	0
830	157	0
831	163	0
832	171	0
833	179	0
834	187	0
835	192	0
836	200	0
837	205	0
838	209	0
839	213	0
840	215	0
841	215	0
842	213	0
843	211	0
844	207	0
845	201	0
846	196	0
847	190	0
848	183	0
849	178	0
850	171	0
851	166	0
852	161	0
853	159	0
854	155	0
855	155	0
856	155	0
857	156	0
858	159	0
859	161	0
860	166	0
861	171	0
862	175	0
863	180	0
864	184	0
865	189	0
866	192	0
867	195	0
868	198	0
869	200	0
870	200	0
871	199	0
872	198	0
873	195	0
874	192	0
875	190	0
876	186	0
877	183	0
878	179	0
879	176	0
880	173	0
881	171	0
882	170	0
883	169	0
884	169	0
885	169	0
886	171	0
887	173	0
888	176	0
889	179	0
890	180	0
891	183	0
892	187	0
893	189	0
894	190	0
895	191	0
896	191	0
897	191	0
898	190	0
899	188	0
900	186	0
901	183	0
902	180	0
903	177	0
904	175	0
905	171	0
906	169	0
907	167	0
908	167	0
909	166	0
910	167	0
911	168	0
912	171	0
913	173	0
914	177	0
915	182	0
916	186	0
917	191	0
918	195	0
919	197	0
920	200	0
921	203	0
922	204	0
923	204	0
924	203	0
925	201	0
926	199	0
927	194	0
928	189	0
929	184	0
930	177	0
931	171	0
932	166	0
933	160	0
934	156	0
935	152	0
936	150	0
937	148	0
938	148	0
939	151	0
940	153	0
941	158	0
942	163	0
943	171	0
944	177	0
945	185	0
946	192	0
947	200	0
948	207	0
949	213	0
950	218	0
951	221	0
952	223	0
953	222	0
954	220	0
955	216	0
956	211	0
957	204	0
958	196	0
959	188	0
960	179	0
961	169	0
962	159	0
963	152	0
964	145	0
965	139	0
966	134	0
967	131	0
968	131	0
969	133	0
970	137	0
971	143	0
972	151	0
973	159	0
974	169	0
975	180	0
976	191	0
977	200	0
978	211	0
979	220	0
980	227	0
981	232	0
982	236	0
983	237	0
984	235	0
985	232	0
986	227	0
987	219	0
988	210	0
989	199	0
990	187	0
991	175	0
992	164	0
993	153	0
994	143	0
995	135	0
996	127	0
997	124	0
998	122	0
999	122	0
