Oscilloscope data. 
Time step = 1,000 uS
Voltage step = 31,25 mV
Zero level = 180

N 	Smpl.	Trig

0	187	0
1	178	0
2	169	0
3	160	0
4	154	0
5	148	0
6	144	0
7	142	0
8	142	0
9	143	0
10	146	0
11	151	0
12	156	0
13	163	0
14	172	0
15	179	0
16	188	0
17	195	0
18	203	0
19	208	0
20	213	0
21	216	0
22	217	0
23	216	0
24	215	0
25	211	0
26	205	0
27	199	0
28	192	0
29	185	0
30	177	0
31	171	0
32	164	0
33	159	0
34	154	0
35	151	0
36	149	0
37	149	0
38	151	0
39	155	0
40	159	0
41	164	0
42	171	0
43	176	0
44	183	0
45	189	0
46	195	0
47	199	0
48	203	0
49	207	0
50	207	0
51	207	0
52	205	0
53	203	0
54	199	0
55	193	0
56	189	0
57	183	0
58	179	0
59	172	0
60	167	0
61	164	0
62	161	0
63	159	0
64	159	0
65	160	0
66	162	0
67	164	0
68	168	0
69	173	0
70	179	0
71	183	0
72	187	0
73	192	0
74	196	0
75	199	0
76	200	0
77	201	0
78	201	0
79	199	0
80	196	0
81	193	0
82	188	0
83	184	0
84	179	0
85	174	0
86	168	0
87	164	0
88	162	0
89	159	0
90	159	0
91	159	0
92	161	0
93	163	0
94	167	0
95	172	0
96	176	0
97	183	0
98	188	0
99	195	0
100	199	0
101	203	0
102	207	0
103	208	0
104	209	0
105	208	0
106	205	0
107	201	0
108	196	0
109	191	0
110	184	0
111	178	0
112	171	0
113	163	0
114	158	0
115	153	0
116	149	0
117	147	0
118	147	0
119	147	0
120	151	0
121	155	0
122	160	0
123	167	0
124	175	0
125	183	0
126	191	0
127	199	0
128	207	0
129	212	0
130	217	0
131	220	0
132	222	0
133	222	0
134	219	0
135	215	0
136	208	0
137	201	0
138	193	0
139	184	0
140	175	0
141	165	0
142	157	0
143	149	0
144	143	0
145	139	0
146	136	0
147	135	0
148	136	0
149	140	0
150	145	0
151	152	0
152	161	0
153	171	0
154	180	0
155	191	0
156	200	0
157	209	0
158	217	0
159	223	0
160	227	0
161	229	0
162	230	0
163	227	0
164	223	0
165	216	0
166	209	0
167	200	0
168	191	0
169	179	0
170	170	0
171	160	0
172	151	0
173	143	0
174	137	0
175	133	0
176	132	0
177	132	0
178	135	0
179	140	0
180	147	0
181	155	0
182	163	0
183	173	0
184	184	0
185	192	0
186	203	0
187	211	0
188	217	0
189	223	0
190	225	0
191	227	0
192	226	0
193	223	0
194	218	0
195	211	0
196	204	0
197	195	0
198	187	0
199	178	0
200	169	0
201	160	0
202	155	0
203	148	0
204	144	0
205	143	0
206	142	0
207	143	0
208	146	0
209	151	0
210	156	0
211	163	0
212	171	0
213	177	0
214	185	0
215	192	0
216	198	0
217	204	0
218	207	0
219	211	0
220	211	0
221	211	0
222	209	0
223	206	0
224	202	0
225	197	0
226	191	0
227	187	0
228	181	0
229	175	0
230	171	0
231	167	0
232	164	0
233	162	0
234	160	0
235	162	0
236	163	0
237	165	0
238	168	0
239	171	0
240	175	0
241	179	0
242	183	0
243	186	0
244	188	0
245	191	0
246	191	0
247	192	0
248	192	0
249	191	0
250	188	0
251	187	0
252	183	0
253	180	0
254	177	0
255	175	0
256	173	0
257	172	0
258	171	0
259	171	0
260	171	0
261	172	0
262	175	0
263	179	0
264	183	0
265	187	0
266	189	0
267	192	0
268	195	0
269	198	0
270	199	0
271	199	0
272	199	0
273	198	0
274	195	0
275	192	0
276	187	0
277	182	0
278	176	0
279	171	0
280	165	0
281	160	0
282	155	0
283	152	0
284	151	0
285	151	0
286	151	0
287	153	0
288	157	0
289	163	0
290	168	0
291	175	0
292	183	0
293	191	0
294	199	0
295	207	0
296	213	0
297	218	0
298	222	0
299	223	0
300	223	0
301	221	0
302	217	0
303	211	0
304	204	0
305	196	0
306	187	0
307	176	0
308	167	0
309	157	0
310	148	0
311	140	0
312	135	0
313	131	0
314	129	0
315	129	0
316	132	0
317	136	0
318	144	0
319	152	0
320	163	0
321	174	0
322	185	0
323	197	0
324	208	0
325	218	0
326	227	0
327	233	0
328	237	0
329	239	0
330	239	0
331	236	0
332	231	0
333	223	0
334	213	0
335	202	0
336	191	0
337	178	0
338	166	0
339	155	0
340	143	0
341	134	0
342	127	0
343	123	0
344	120	0
345	121	0
346	124	0
347	129	0
348	137	0
349	147	0
350	158	0
351	170	0
352	183	0
353	195	0
354	207	0
355	216	0
356	225	0
357	232	0
358	237	0
359	239	0
360	239	0
361	236	0
362	231	0
363	224	0
364	215	0
365	204	0
366	193	0
367	183	0
368	171	0
369	159	0
370	150	0
371	142	0
372	135	0
373	131	0
374	128	0
375	129	0
376	131	0
377	135	0
378	143	0
379	149	0
380	159	0
381	168	0
382	179	0
383	187	0
384	197	0
385	205	0
386	212	0
387	218	0
388	221	0
389	223	0
390	223	0
391	221	0
392	217	0
393	212	0
394	207	0
395	200	0
396	192	0
397	184	0
398	177	0
399	170	0
400	164	0
401	159	0
402	156	0
403	153	0
404	152	0
405	152	0
406	154	0
407	156	0
408	160	0
409	164	0
410	168	0
411	173	0
412	178	0
413	183	0
414	186	0
415	189	0
416	192	0
417	193	0
418	195	0
419	195	0
420	193	0
421	192	0
422	191	0
423	189	0
424	187	0
425	185	0
426	183	0
427	181	0
428	180	0
429	180	0
430	179	0
431	180	0
432	181	0
433	183	0
434	183	0
435	184	0
436	185	0
437	187	0
438	188	0
439	187	0
440	187	0
441	187	0
442	184	0
443	183	0
444	179	0
445	176	0
446	173	0
447	169	0
448	167	0
449	163	0
450	160	0
451	159	0
452	159	0
453	159	0
454	160	0
455	163	0
456	167	0
457	171	0
458	176	0
459	183	0
460	189	0
461	195	0
462	201	0
463	207	0
464	212	0
465	215	0
466	217	0
467	219	0
468	217	0
469	215	0
470	211	0
471	204	0
472	197	0
473	189	0
474	180	0
475	171	0
476	163	0
477	154	0
478	147	0
479	140	0
480	135	0
481	132	0
482	131	0
483	132	0
484	136	0
485	141	0
486	149	0
487	158	0
488	168	0
489	179	0
490	191	0
491	201	0
492	212	0
493	221	0
494	229	0
495	235	0
496	239	0
497	239	0
498	238	0
499	235	0
500	228	0
501	220	0
502	209	0
503	198	0
504	187	0
505	173	0
506	161	0
507	149	0
508	139	0
509	130	0
510	124	0
511	119	0
512	118	0
513	119	0
514	123	0
515	129	0
516	137	0
517	148	0
518	160	0
519	172	0
520	187	0
521	199	0
522	211	0
523	222	0
524	231	0
525	237	0
526	243	0
527	244	0
528	243	0
529	240	0
530	234	0
531	225	0
532	215	0
533	204	0
534	192	0
535	179	0
536	167	0
537	155	0
538	144	0
539	135	0
540	128	0
541	124	0
542	123	0
543	123	0
544	125	0
545	131	0
546	139	0
547	147	0
548	158	0
549	169	0
550	180	0
551	191	0
552	203	0
553	211	0
554	220	0
555	225	0
556	229	0
557	231	0
558	231	0
559	228	0
560	224	0
561	217	0
562	210	0
563	201	0
564	192	0
565	183	0
566	174	0
567	165	0
568	158	0
569	151	0
570	147	0
571	144	0
572	143	0
573	143	0
574	144	0
575	148	0
576	155	0
577	159	0
578	166	0
579	172	0
580	179	0
581	185	0
582	191	0
583	196	0
584	200	0
585	203	0
586	205	0
587	204	0
588	204	0
589	203	0
590	200	0
591	196	0
592	192	0
593	188	0
594	184	0
595	180	0
596	177	0
597	175	0
598	172	0
599	171	0
600	171	0
601	171	0
602	171	0
603	173	0
604	175	0
605	176	0
606	179	0
607	181	0
608	183	0
609	184	0
610	185	0
611	184	0
612	185	0
613	184	0
614	183	0
615	180	0
616	179	0
617	176	0
618	173	0
619	171	0
620	170	0
621	169	0
622	167	0
623	169	0
624	170	0
625	172	0
626	175	0
627	179	0
628	183	0
629	187	0
630	191	0
631	196	0
632	199	0
633	203	0
634	205	0
635	207	0
636	207	0
637	205	0
638	203	0
639	199	0
640	195	0
641	189	0
642	184	0
643	176	0
644	170	0
645	163	0
646	157	0
647	152	0
648	147	0
649	144	0
650	143	0
651	144	0
652	145	0
653	149	0
654	155	0
655	161	0
656	169	0
657	179	0
658	187	0
659	195	0
660	204	0
661	212	0
662	219	0
663	223	0
664	227	0
665	228	0
666	227	0
667	224	0
668	219	0
669	213	0
670	205	0
671	195	0
672	185	0
673	175	0
674	164	0
675	155	0
676	147	0
677	139	0
678	133	0
679	129	0
680	128	0
681	129	0
682	132	0
683	139	0
684	145	0
685	154	0
686	164	0
687	175	0
688	187	0
689	198	0
690	208	0
691	217	0
692	225	0
693	231	0
694	235	0
695	236	0
696	235	0
697	231	0
698	225	0
699	218	0
700	208	0
701	198	0
702	187	0
703	176	0
704	164	0
705	155	0
706	145	0
707	137	0
708	132	0
709	128	0
710	128	0
711	129	0
712	132	0
713	139	0
714	147	0
715	155	0
716	164	0
717	175	0
718	187	0
719	196	0
720	207	0
721	215	0
722	221	0
723	226	0
724	228	0
725	229	0
726	227	0
727	223	0
728	218	0
729	211	0
730	203	0
731	193	0
732	184	0
733	175	0
734	166	0
735	158	0
736	151	0
737	145	0
738	143	0
739	140	0
740	141	0
741	143	0
742	147	0
743	152	0
744	159	0
745	165	0
746	173	0
747	181	0
748	189	0
749	195	0
750	202	0
751	207	0
752	211	0
753	212	0
754	212	0
755	211	0
756	208	0
757	204	0
758	200	0
759	195	0
760	188	0
761	182	0
762	175	0
763	171	0
764	165	0
765	163	0
766	159	0
767	159	0
768	159	0
769	159	0
770	163	0
771	165	0
772	169	0
773	173	0
774	179	0
775	183	0
776	187	0
777	191	0
778	195	0
779	196	0
780	197	0
781	198	0
782	196	0
783	195	0
784	192	0
785	188	0
786	184	0
787	180	0
788	176	0
789	172	0
790	169	0
791	167	0
792	165	0
793	164	0
794	165	0
795	167	0
796	169	0
797	171	0
798	175	0
799	180	0
800	184	0
801	190	0
802	193	0
803	197	0
804	199	0
805	202	0
806	202	0
807	202	0
808	200	0
809	198	0
810	194	0
811	189	0
812	184	0
813	179	0
814	172	0
815	168	0
816	163	0
817	159	0
818	155	0
819	153	0
820	152	0
821	153	0
822	155	0
823	159	0
824	163	0
825	169	0
826	175	0
827	183	0
828	191	0
829	196	0
830	203	0
831	208	0
832	212	0
833	215	0
834	216	0
835	215	0
836	214	0
837	211	0
838	204	0
839	198	0
840	191	0
841	183	0
842	175	0
843	167	0
844	159	0
845	152	0
846	147	0
847	143	0
848	140	0
849	140	0
850	143	0
851	145	0
852	151	0
853	157	0
854	164	0
855	173	0
856	182	0
857	191	0
858	199	0
859	207	0
860	214	0
861	219	0
862	223	0
863	224	0
864	223	0
865	221	0
866	217	0
867	211	0
868	204	0
869	195	0
870	187	0
871	176	0
872	168	0
873	159	0
874	151	0
875	144	0
876	140	0
877	138	0
878	137	0
879	139	0
880	143	0
881	147	0
882	153	0
883	161	0
884	171	0
885	179	0
886	188	0
887	197	0
888	205	0
889	212	0
890	218	0
891	222	0
892	223	0
893	223	0
894	220	0
895	217	0
896	211	0
897	204	0
898	196	0
899	188	0
900	179	0
901	171	0
902	163	0
903	155	0
904	149	0
905	145	0
906	143	0
907	143	0
908	143	0
909	147	0
910	151	0
911	156	0
912	163	0
913	171	0
914	179	0
915	187	0
916	195	0
917	202	0
918	207	0
919	211	0
920	215	0
921	215	0
922	215	0
923	212	0
924	208	0
925	203	0
926	198	0
927	191	0
928	184	0
929	177	0
930	170	0
931	164	0
932	159	0
933	155	0
934	153	0
935	152	0
936	152	0
937	155	0
938	158	0
939	161	0
940	167	0
941	172	0
942	179	0
943	185	0
944	191	0
945	196	0
946	200	0
947	203	0
948	205	0
949	207	0
950	205	0
951	203	0
952	200	0
953	196	0
954	191	0
955	186	0
956	180	0
957	175	0
958	170	0
959	165	0
960	161	0
961	160	0
962	159	0
963	159	0
964	160	0
965	163	0
966	166	0
967	171	0
968	175	0
969	181	0
970	187	0
971	191	0
972	195	0
973	199	0
974	203	0
975	203	0
976	204	0
977	203	0
978	201	0
979	198	0
980	193	0
981	188	0
982	183	0
983	177	0
984	172	0
985	166	0
986	162	0
987	159	0
988	155	0
989	155	0
990	155	0
991	156	0
992	160	0
993	164	0
994	169	0
995	175	0
996	181	0
997	188	0
998	195	0
999	199	0
